NMI: 0.8996935451597475
Silhouette: 0.5009470349898787
