NMI: 0.36595091185738254
Silhouette: 0.2019061419615653
