NMI: 0.7419116631817836
Silhouette: 0.5509643746420475
