NMI: 0.7581756800057784
Silhouette: 0.5525919445213677
