NMI: 0.7979885217013319
Silhouette: 0.5550802152461665
