NMI: 0.5165248571923309
Silhouette: 0.34726590057721557
