NMI: 0.42875685976453537
Silhouette: 0.5711381937868838
