NMI: 0.2678983822025355
Silhouette: 0.17654959531595985
